0 0
500 450959
1000 2236040
1500 5418699
2000 9855471
2500 15926851
3000 23636409
3500 32169862
4000 42737150
4500 53763977
5000 66017528
5500 80865760
6000 98064941
6500 114261588
7000 131877203
7500 152028158
8000 172554566
8500 194431554
9000 217485242
9500 241790123
10000 268391969
10500 295449655
11000 323900763
11500 353676786
12000 385759208
12500 419346178
13000 453036011
13500 488348333
14000 525284533
14500 563154160
15000 603182800
15500 643449485
16000 685135575
16500 729252243
17000 773828946
17500 819394725
18000 867607132
18500 916833759
19000 966379901
19500 1019836374
20000 1072228890
20500 1132032149
21000 1187144857
21500 1244621630
22000 1302152812
22500 1362630421
23000 1422936854
23500 1486223016
24000 1549049421
24500 1616738752
25000 1682176583
25500 1752036760
26000 1820303081
26500 1892656544
27000 1963574806
27500 2037797957
28000 2111995094
28500 2188735297
29000 2266859636
29500 2346134856
30000 2425142813
30500 2507272267
31000 2588618855
31500 2673698188
32000 2757869938
32500 2847552253
33000 2934991241
33500 3026004226
34000 3120917128
34500 3213756460
35000 3305636204
35500 3400889521
36000 3497566549
36500 3596146195
37000 3693657836
37500 3794186776
38000 3897391769
38500 4000860044
39000 4115034446
39500 4221063371
40000 4328372301
40500 4437119115
41000 4547637169
41500 4661032347
42000 4774048181
42500 4889549863
