0 0
500 48582
1000 88853
1500 129012
2000 162795
2500 186930
3000 239682
3500 279378
4000 313204
4500 344896
5000 382481
5500 418278
6000 458374
6500 490915
7000 525256
7500 556843
8000 584703
8500 613204
9000 643324
9500 748446
10000 814918
10500 855827
11000 882436
11500 922078
12000 946933
12500 1004236
13000 1029604
13500 1052720
14000 1096988
14500 1121056
15000 1161879
15500 1183630
16000 1206557
16500 1228747
17000 1254537
17500 1310140
18000 1333093
18500 1355307
19000 1376734
19500 1402550
20000 1424288
20500 1447146
21000 1469375
21500 1491590
22000 1549905
22500 1588052
23000 1627791
23500 1650351
24000 1673229
24500 1730871
25000 1786227
25500 1809335
26000 1863986
26500 1886824
27000 1912713
27500 1937926
28000 1960902
28500 1983908
29000 2006674
29500 2036731
30000 2074966
30500 2098285
31000 2121643
31500 2144694
32000 2166937
32500 2193259
33000 2215003
33500 2237372
34000 2264660
34500 2297878
35000 2321935
35500 2347570
36000 2377613
36500 2403587
37000 2426623
37500 2450345
38000 2472693
38500 2499616
39000 2524474
39500 2584252
40000 2610142
40500 2632998
41000 2655896
41500 2681173
42000 2704043
42500 2726695
43000 2749267
43500 2771395
44000 2796481
44500 2819292
45000 2841655
45500 2865103
46000 2887695
46500 2912925
47000 2935657
47500 2956285
48000 2979405
48500 3002082
49000 3023967
49500 3059132
50000 3097400
50500 3129737
51000 3225803
51500 3292746
52000 3329805
52500 3354282
53000 3379325
53500 3412483
54000 3458811
54500 3505493
55000 3529062
55500 3564061
56000 3620867
56500 3658495
57000 3701475
57500 3758903
58000 3797501
58500 3837163
59000 3907651
59500 3962596
60000 4001601
60500 4062354
61000 4106154
61500 4151825
62000 4198144
62500 4257083
63000 4340617
63500 4387658
64000 4430306
64500 4488383
65000 4548418
65500 4584833
66000 4629066
66500 4669027
67000 4692547
67500 4715079
68000 4757139
68500 4780118
69000 4802534
69500 4842265
70000 4881595
70500 4909157
71000 4932299
71500 4954949
72000 4977182
72500 5016592
73000 5042254
73500 5065189
74000 5088084
74500 5128095
75000 5150546
75500 5173183
76000 5198161
76500 5221326
77000 5271056
77500 5293315
78000 5316254
78500 5341035
79000 5390578
79500 5412200
80000 5434835
80500 5457615
81000 5485783
81500 5528977
82000 5551852
82500 5588221
83000 5609667
83500 5634453
84000 5657656
84500 5680479
85000 5716587
85500 5739152
86000 5761716
86500 5786897
87000 5822757
87500 5846280
88000 5868813
88500 5891682
89000 5916169
89500 5965255
90000 5987214
90500 6009897
91000 6033058
91500 6084434
92000 6107043
92500 6130103
93000 6153137
93500 6201811
94000 6224294
94500 6262996
95000 6299063
95500 6321486
96000 6345137
96500 6380795
97000 6405605
97500 6428366
98000 6464147
98500 6487207
99000 6547906
99500 6610154
100000 6659679
100500 7331508
101000 7342620
101500 7349461
102000 7355706
102500 7375173
103000 7381534
103500 7387873
104000 7394286
104500 7400629
105000 7407115
105500 7413373
106000 7419705
106500 7426052
107000 7432323
107500 7438550
108000 7444777
108500 7451008
109000 7457420
109500 7463740
110000 7470149
110500 7476372
111000 7482618
111500 7489166
112000 7495407
112500 7501644
113000 7508220
113500 7514499
114000 7520878
114500 7527068
115000 7533304
115500 7539529
116000 7545924
116500 7552248
117000 7558906
117500 7565137
118000 7571405
118500 7577649
119000 7583967
119500 7590165
120000 7596422
120500 7602672
121000 7608909
121500 7615241
122000 7621452
122500 7627712
123000 7633964
123500 7640180
124000 7646494
124500 7652671
125000 7658892
125500 7665122
126000 7671359
126500 7677671
127000 7683917
127500 7690085
128000 7696391
128500 7702605
129000 7708902
129500 7715240
130000 7721508
130500 7727783
131000 7734031
131500 7740319
132000 7746542
132500 7752789
133000 7759010
133500 7765273
134000 7771576
134500 7778024
135000 7784250
135500 7790528
136000 7797169
136500 7803522
137000 7809819
137500 7816368
138000 7822632
138500 7829113
139000 7835562
139500 7841865
140000 7848110
140500 7854371
141000 7860640
141500 7867077
142000 7873506
142500 7879729
143000 7885945
143500 7892148
144000 7898518
144500 7904693
145000 7910930
145500 7926722
146000 7933426
146500 7939769
147000 7946022
147500 7952224
148000 7958434
148500 7964640
149000 7970939
149500 7977147
150000 7983340
150500 7989540
151000 7995750
151500 8002044
152000 8008282
152500 8014509
153000 8020729
153500 8026930
154000 8033207
154500 8039565
155000 8045738
155500 8051998
156000 8058187
156500 8064481
157000 8070720
157500 8076944
158000 8083158
158500 8089320
159000 8095667
159500 8101926
160000 8108398
160500 8114784
161000 8121154
161500 8127510
162000 8134002
162500 8140212
163000 8146533
163500 8152754
164000 8159276
164500 8165482
165000 8171932
165500 8178169
166000 8184464
166500 8190755
167000 8197092
167500 8203311
168000 8209543
168500 8215744
169000 8222072
169500 8228313
170000 8234512
170500 8240766
171000 8246940
171500 8253262
172000 8259482
172500 8265742
173000 8272007
173500 8278182
174000 8284439
174500 8290719
175000 8296920
175500 8303120
176000 8309316
176500 8315657
177000 8321934
177500 8328148
178000 8334364
178500 8340624
179000 8346930
179500 8353128
180000 8359361
180500 8365620
181000 8371812
181500 8378147
182000 8384400
182500 8390601
183000 8396851
183500 8403115
184000 8409438
184500 8415640
185000 8421870
185500 8428111
186000 8434429
186500 8440801
187000 8447115
187500 8453334
188000 8459725
188500 8465965
189000 8472604
189500 8478956
190000 8485295
190500 8491754
191000 8497946
191500 8504529
192000 8511089
192500 8517572
193000 8523788
193500 8530071
194000 8536501
194500 8542769
195000 8548961
195500 8555200
196000 8561398
196500 8567688
197000 8574203
197500 8580457
198000 8586978
198500 8593308
199000 8599685
199500 8605877
200000 8612063
200001 8613477
