0 0
500 51052
1000 107730
1500 169617
2000 233655
2500 303290
3000 372629
3500 442830
4000 512716
4500 587902
5000 664457
5500 742024
6000 819864
6500 897733
7000 974678
7500 1052156
8000 1129806
8500 1212905
9000 1299814
9500 1400653
10000 1487867
10500 1575284
11000 1662591
11500 1750964
12000 1838050
12500 1926278
13000 2012298
13500 2099764
14000 2209236
14500 2294842
15000 2380151
15500 2465054
16000 2551629
16500 2641349
17000 2738493
17500 2835563
18000 2930046
18500 3025519
19000 3133432
19500 3225837
20000 3318372
20500 3411566
21000 3503238
21500 3597142
22000 3690759
22500 3784400
23000 3877986
23500 3970827
24000 4063006
24500 4154737
25000 4249336
25500 4341978
26000 4434764
26500 4526443
27000 4618755
27500 4710954
28000 4802973
28500 4896192
29000 4988247
29500 5080245
30000 5175065
30500 5268802
31000 5362919
31500 5454143
32000 5546614
32500 5639130
33000 5735981
33500 5838394
34000 5939589
34500 6040153
35000 6143818
35500 6255246
36000 6358296
36500 6461441
37000 6564176
37500 6667781
38000 6768608
38500 6872946
39000 6979451
39500 7081242
40000 7184661
40500 7287457
41000 7390157
41500 7492425
42000 7594836
42500 7696732
43000 7799025
43500 7899364
44000 7999903
44500 8100682
45000 8204929
45500 8359435
46000 8462438
46500 8574835
47000 8723188
47500 8910971
48000 9050112
48500 9194759
49000 9295951
49500 9402151
50000 9503964
50500 9605141
51000 9705879
51500 9810722
52000 9913033
52500 10014863
53000 10120427
53500 10254399
54000 10359306
54500 10474062
55000 10576201
55500 10678563
56000 10781742
56500 10882838
57000 10985106
57500 11143925
58000 11283964
58500 11393214
59000 11503839
59500 11614728
60000 11731187
60500 11868529
61000 11997753
61500 12147481
62000 12282168
62500 12407152
63000 12510391
63500 12612349
64000 12714053
64500 12816256
65000 12917547
65500 13019242
66000 13139116
66500 13256394
67000 13376131
67500 13493842
68000 13617852
68500 13733788
69000 13851311
69500 13969063
70000 14086685
70500 14228452
71000 14348266
71500 14464992
72000 14583583
72500 14701076
73000 14817579
73500 14936451
74000 15054493
74500 15191396
75000 15313228
75500 15434755
76000 15556928
76500 15681688
77000 15803626
77500 15924905
78000 16046809
78500 16181020
79000 16298828
79500 16416580
80000 16533040
80500 16652801
81000 16771900
81500 16892006
82000 17009995
82500 17128351
83000 17247234
83500 17364467
84000 17482656
84500 17607656
85000 17727989
85500 17844699
86000 17962633
86500 18082054
87000 18212457
87500 18332334
88000 18449378
88500 18571241
89000 18692962
89500 18812612
90000 18930667
90500 19050400
91000 19180816
91500 19298740
92000 19417986
92500 19538580
93000 19655149
93500 19772933
94000 19890421
94500 20009484
95000 20126865
95500 20246788
96000 20363392
96500 20484139
97000 20602221
97500 20719585
98000 20837083
98500 20957949
99000 21078231
99500 21198723
100000 21319815
100500 21348948
101000 21389131
101500 21415712
102000 21442197
102500 21468687
103000 21494570
103500 21520725
104000 21566264
104500 21605956
105000 21632628
105500 21685364
106000 21711961
106500 21738575
107000 21765091
107500 21791812
108000 21818291
108500 21857958
109000 21897574
109500 21924373
110000 21977142
110500 22004027
111000 22030819
111500 22057577
112000 22084351
112500 22137439
113000 22164019
113500 22199717
114000 22253854
114500 22280814
115000 22307686
115500 22334321
116000 22373897
116500 22414009
117000 22440862
117500 22467746
118000 22507511
118500 22547366
119000 22574067
119500 22626788
120000 22653577
120500 22680362
121000 22720258
121500 22746981
122000 22786685
122500 22813432
123000 22853115
123500 22880000
124000 22906758
124500 22933578
125000 22960294
125500 22986856
126000 23013370
126500 23040238
127000 23066647
127500 23119493
128000 23146407
128500 23173217
129000 23200038
129500 23240093
130000 23280195
130500 23307073
131000 23346844
131500 23373443
132000 23399961
132500 23426670
133000 23453237
133500 23492862
134000 23532396
134500 23559066
135000 23585704
135500 23613810
136000 23640772
136500 23667526
137000 23694312
137500 23721289
138000 23747926
138500 23787425
139000 23821517
139500 23848627
140000 23888619
140500 23915560
141000 23955446
141500 24008416
142000 24035242
142500 24062199
143000 24102088
143500 24128968
144000 24181629
144500 24208533
145000 24235234
145500 24262053
146000 24301816
146500 24341629
147000 24368484
147500 24421149
148000 24448022
148500 24474634
149000 24501430
149500 24541140
150000 24580968
150500 24607955
151000 24660678
151500 24687387
152000 24714169
152500 24743239
153000 24770066
153500 24796821
154000 24823616
154500 24850303
155000 24890015
155500 24930074
156000 24956971
156500 25009942
157000 25036877
157500 25063948
158000 25116819
158500 25143716
159000 25170230
159500 25197066
160000 25223993
160500 25250607
161000 25291071
161500 25330826
162000 25357793
162500 25410780
163000 25437467
163500 25464045
164000 25490809
164500 25530576
165000 25570517
165500 25597287
166000 25650353
166500 25677221
167000 25703809
167500 25730673
168000 25757271
168500 25784066
169000 25823738
169500 25863668
170000 25890691
170500 25943856
171000 25970542
171500 25997418
172000 26023953
172500 26050852
173000 26103601
173500 26130605
174000 26157479
174500 26210334
175000 26238413
175500 26278134
176000 26318031
176500 26344978
177000 26404461
177500 26458184
178000 26507950
178500 26539985
179000 26567136
179500 26593741
180000 26633622
180500 26673492
181000 26700417
181500 26753516
182000 26780200
182500 26806949
183000 26833797
183500 26860372
184000 26900413
184500 26927214
185000 26967313
185500 26994073
186000 27046983
186500 27073718
187000 27100536
187500 27153575
188000 27180442
188500 27206967
189000 27233793
189500 27260512
190000 27287185
190500 27327162
191000 27366915
191500 27393751
192000 27446650
192500 27473654
193000 27500231
193500 27527035
194000 27566938
194500 27606790
195000 27633787
195500 27686809
196000 27713666
196500 27740272
197000 27766833
197500 27793810
198000 27820471
198500 27860134
199000 27900179
199500 27926858
200000 27979811
200001 27982194
