0 0
500 43634
1000 123940
1500 223621
2000 251808
2500 266618
3000 464826
3500 481033
4000 495242
4500 509240
5000 536715
5500 860591
6000 888763
6500 902920
7000 917017
7500 931210
8000 945346
8500 959433
9000 973488
9500 987613
10000 1001754
10500 1015912
11000 1668212
11500 1684178
12000 1698294
12500 1725477
13000 1739704
13500 1753772
14000 1767787
14500 1795010
15000 1822209
15500 1836360
16000 1850417
16500 1864534
17000 1878698
17500 1892807
18000 1920232
18500 1934454
19000 1948512
19500 1975756
20000 1990017
20500 2004060
21000 2018193
21500 2032278
22000 3349162
22500 3376942
23000 3403765
23500 3417991
24000 3432092
24500 3446177
25000 3473513
25500 3500883
26000 3514978
26500 3529046
27000 3543115
27500 3557364
28000 3571511
28500 3585546
29000 3599573
29500 3613643
30000 3627754
30500 3641818
31000 3655827
31500 3669902
32000 3683900
32500 3698127
33000 3725402
33500 3739655
34000 3753776
34500 3780990
35000 3795286
35500 3809440
36000 3823568
36500 3837603
37000 3851823
37500 3865991
38000 3880119
38500 3894283
39000 3908360
39500 3922452
40000 3936590
40500 3950673
41000 3964825
41500 3979028
42000 3993050
42500 4020212
43000 4034468
43500 4048637
44000 6764425
44500 6808260
45000 6822142
45500 6836423
46000 6850434
46500 6864674
47000 6878717
47500 6892894
48000 6906953
48500 6921213
49000 6935294
49500 6949387
50000 6963509
50500 6977744
51000 6991866
51500 7005974
52000 7020087
52500 7034298
53000 7048364
53500 7062402
54000 7076367
54500 7103658
55000 7117788
55500 7131927
56000 7145986
56500 7160329
57000 7174426
57500 7214900
58000 7229081
58500 7256163
59000 7270319
59500 7284496
60000 7298536
60500 7312830
61000 7326935
61500 7341127
62000 7355113
62500 7369348
63000 7409837
63500 7424004
64000 7438010
64500 7452248
65000 7466307
65500 7480444
66000 7494577
66500 7522105
67000 7536277
67500 7550274
68000 7590562
68500 7604892
69000 7632231
69500 7646395
70000 7660474
70500 7674730
71000 7688782
71500 7715954
72000 7730097
72500 7757383
73000 7771464
73500 7785672
74000 7799850
74500 7814174
75000 7828382
75500 7842551
76000 7856899
76500 7871132
77000 7885387
77500 7899530
78000 7913773
78500 7928153
79000 7942411
79500 7956667
80000 7970920
80500 7998242
81000 8012511
81500 8026692
82000 8053989
82500 8068474
83000 8082805
83500 8097006
84000 8111279
84500 8125633
85000 8139854
85500 8154097
86000 8168315
86500 8182660
87000 8196966
87500 8211169
88000 14773292
88500 14805649
89000 14820836
89500 14835132
90000 14849616
90500 14863962
91000 14878980
91500 14893424
92000 14908213
92500 14926470
93000 14948740
93500 14967183
94000 14982290
94500 14997937
95000 15013072
95500 15027455
96000 15042198
96500 15056503
97000 15070791
97500 15085522
98000 15099907
98500 15115034
99000 15130071
99500 15145387
100000 15160498
100500 15174812
101000 15188859
101500 15202744
102000 15216887
102500 15230741
103000 15244639
103500 15258622
104000 15272536
104500 15286580
105000 15300513
105500 15314534
106000 15328448
106500 15342375
107000 15356333
107500 15370252
108000 15384173
108500 15398091
109000 15411944
109500 15425928
110000 15439906
110500 15453823
111000 15467739
111500 15481660
112000 15495721
112500 15509615
113000 15523537
113500 15537483
114000 15551372
114500 15565387
115000 15579275
115500 15593239
116000 15607174
116500 15621114
117000 15635095
117500 15649012
118000 15662978
118500 15676956
119000 15690921
119500 15704998
120000 15718991
120500 15732883
121000 15746786
121500 15760753
122000 15774771
122500 15788752
123000 15802769
123500 15816743
124000 15830692
124500 15844715
125000 15858630
125500 15872581
126000 15886519
126500 15900428
127000 15914508
127500 15928421
128000 15942318
128500 15956174
129000 15970087
129500 15984138
130000 15998062
130500 16012035
131000 16025917
131500 16039925
132000 16054024
132500 16068016
133000 16081930
133500 16095821
134000 16109752
134500 16123740
135000 16137685
135500 16151621
136000 16165598
136500 16179537
137000 16193499
137500 16207457
138000 16221332
138500 16235220
139000 16249133
139500 16263107
140000 16287290
140500 16306212
141000 16319818
141500 16340916
142000 16355292
142500 16369340
143000 16383301
143500 16397261
144000 16411147
144500 16425141
145000 16439043
145500 16453001
146000 16466984
146500 16480951
147000 16494971
147500 16508907
148000 16522858
148500 16536877
149000 16550795
149500 16564791
150000 16578751
150500 16592799
151000 16606742
151500 16621310
152000 16635298
152500 16650516
153000 16664407
153500 16678360
154000 16692322
154500 16706326
155000 16720263
155500 16734248
156000 16748223
156500 16762154
157000 16776254
157500 16790243
158000 16804214
158500 16818135
159000 16832064
159500 16846060
160000 16860035
160500 16874074
161000 16887978
161500 16901905
162000 16915912
162500 16929885
163000 16943790
163500 16957701
164000 16971623
164500 16985670
165000 16999628
165500 17013556
166000 17027489
166500 17041528
167000 17055542
167500 17069538
168000 17083466
168500 17097464
169000 17111393
169500 17125513
170000 17139538
170500 17153450
171000 17167402
171500 17181349
172000 17195383
172500 17209335
173000 17223314
173500 17237326
174000 17251275
174500 17265234
175000 17279201
175500 17293192
176000 17307131
176500 17321093
177000 17335169
177500 17349141
178000 17363088
178500 17377078
179000 17390961
179500 17404967
180000 17418957
180500 17432859
181000 17446812
181500 17460906
182000 17474948
182500 17488897
183000 17502835
183500 17516744
184000 17530713
184500 17544758
185000 17558756
185500 17572704
186000 17586660
186500 17600670
187000 17614634
187500 17628587
188000 17642528
188500 17656431
189000 17670423
189500 17684417
190000 17698377
190500 17712428
191000 17726398
191500 17740321
192000 17754316
192500 17768238
193000 17782161
193500 17796086
194000 17809941
194500 17823969
195000 17837974
195500 17851895
196000 17865943
196500 17879934
197000 17894114
197500 17908076
198000 17922002
198500 17935932
199000 17949828
199500 17963863
200000 17977846
200001 17980160
