0 0
500 12983
1000 34313
1500 47190
2000 53340
2500 70504
3000 91550
3500 97743
4000 103066
4500 130321
5000 137579
5500 143822
6000 150353
6500 156534
7000 162620
7500 168789
8000 174899
8500 234287
9000 241599
9500 260841
10000 280293
10500 286627
11000 292976
11500 299096
12000 305553
12500 311876
13000 317927
13500 323951
14000 330026
14500 336024
15000 341236
15500 347273
16000 356538
16500 483251
17000 490866
17500 497611
18000 503965
18500 510010
19000 516093
19500 522190
20000 541408
20500 547429
21000 553860
21500 560367
22000 566343
22500 572253
23000 578196
23500 586717
24000 594176
24500 600727
25000 606866
25500 612730
26000 617922
26500 623928
27000 629951
27500 635977
28000 642597
28500 648462
29000 654618
29500 660570
30000 666474
30500 672669
31000 678900
31500 688448
32000 695561
32500 701564
33000 874084
33500 882602
34000 888987
34500 895624
35000 901681
35500 907584
36000 913507
36500 918767
37000 924690
37500 930600
38000 936593
38500 946051
39000 953068
39500 959264
40000 978733
40500 984746
41000 990676
41500 996703
42000 1003339
42500 1009395
43000 1015309
43500 1021215
44000 1027340
44500 1033626
45000 1039900
45500 1046353
46000 1054815
46500 1061010
47000 1067063
47500 1072275
48000 1078197
48500 1084503
49000 1091023
49500 1097084
50000 1103062
50500 1109012
51000 1114971
51500 1121331
52000 1127362
52500 1133897
53000 1139878
53500 1145846
54000 1154603
54500 1161469
55000 1167690
55500 1173677
56000 1180234
56500 1186421
57000 1192300
57500 1198140
58000 1203308
58500 1209309
59000 1215502
59500 1221446
60000 1228047
60500 1234144
61000 1240098
61500 1246272
62000 1254753
62500 1260812
63000 1266923
63500 1273458
64000 1279563
64500 1285560
65000 1291520
65500 1296678
66000 1619224
66500 1628690
67000 1635261
67500 1654402
68000 1663212
68500 1668600
69000 1674716
69500 1681473
70000 1687720
70500 1693762
71000 1699755
71500 1705671
72000 1711725
72500 1717752
73000 1724101
73500 1730215
74000 1736099
74500 1742181
75000 1748164
75500 1754040
76000 1762581
76500 1769990
77000 1776201
77500 1782144
78000 1788054
78500 1793937
79000 1799994
79500 1805245
80000 1811103
80500 1817526
81000 1823515
81500 1829388
82000 1835517
82500 1841422
83000 1847567
83500 1853524
84000 1862646
84500 1869975
85000 1875915
85500 1881797
86000 1887908
86500 1893997
87000 1900094
87500 1906520
88000 1912446
88500 1918454
89000 1924326
89500 1930373
90000 1935604
90500 1941515
91000 1947955
91500 1953936
92000 1962329
92500 1968249
93000 1974312
93500 1980244
94000 1986288
94500 1992874
95000 1998825
95500 2004735
96000 2011127
96500 2017019
97000 2023042
97500 2028972
98000 2035555
98500 2041456
99000 2047433
99500 2073081
100000 2112119
100500 2128244
101000 2156377
101500 2171073
102000 2185751
102500 2226317
103000 2240950
103500 2268599
104000 2283219
104500 2297802
105000 2312336
105500 2326851
106000 2341306
106500 2355778
107000 2370381
107500 2398135
108000 2412605
108500 2427089
109000 2454896
109500 2469553
110000 2483981
110500 2498422
111000 2512973
111500 2527459
112000 2542042
112500 2556592
113000 2571168
113500 2585650
114000 2600201
114500 2614893
115000 2629392
115500 2643874
116000 2658349
116500 2672894
117000 2687486
117500 2701955
118000 2716460
118500 2730989
119000 2745480
119500 2760054
120000 2774665
120500 2789158
121000 2803672
121500 2818111
122000 2832844
122500 2847291
123000 2861714
123500 2876089
124000 2890555
124500 2905174
125000 2932857
125500 2947492
126000 2962125
126500 2976595
127000 2991095
127500 3018929
128000 3033537
128500 3047992
129000 3062477
129500 3090341
130000 3115910
130500 3127864
131000 3138818
131500 3150394
132000 3161625
132500 3172907
133000 3184119
133500 3195694
134000 3206994
134500 3218440
135000 3229370
135500 3240754
136000 3251687
136500 3263240
137000 3275351
137500 3286941
138000 3298977
138500 3311248
139000 3323129
139500 3334888
140000 3346555
140500 3358034
141000 3368738
141500 3379950
142000 3390570
142500 3402329
143000 3413653
143500 3425319
144000 3436746
144500 3448194
145000 3458907
145500 3470359
146000 3481241
146500 3492529
147000 3503370
147500 3520933
148000 3533088
148500 3544902
149000 3556573
149500 3568290
150000 3579463
150500 3590753
151000 3601922
151500 3612531
152000 3624320
152500 3636180
153000 3647978
153500 3659303
154000 3670701
154500 3682184
155000 3693034
155500 3704637
156000 3716001
156500 3727208
157000 3738540
157500 3750495
158000 3765579
158500 3781836
159000 3793760
159500 3805613
160000 3816897
160500 3828801
161000 3840407
161500 3851736
162000 3863576
162500 3875151
163000 3886433
163500 3898480
164000 3909995
164500 3921684
165000 3932671
165500 3944032
166000 3954931
166500 3966366
167000 3978427
167500 3990114
168000 4001620
168500 4013258
169000 4025007
169500 4036628
170000 4047682
170500 4059352
171000 4071313
171500 4082800
172000 4094076
172500 4105041
173000 4116414
173500 4127307
174000 4138951
174500 4150520
175000 4161903
175500 4172932
176000 4184554
176500 4195480
177000 4207017
177500 4230742
178000 4242228
178500 4252708
179000 4276870
179500 4287582
180000 4299001
180500 4309858
181000 4321367
181500 4331975
182000 4343260
182500 4354234
183000 4365479
183500 4376157
184000 4387450
184500 4398065
185000 4409415
185500 4420130
186000 4430995
186500 4441273
187000 4452415
187500 4462734
188000 4473999
188500 4484728
189000 4496071
189500 4506812
190000 4518304
190500 4528916
191000 4540476
191500 4550933
192000 4562351
192500 4573449
193000 4584651
193500 4595229
194000 4606529
194500 4617339
195000 4628940
195500 4640010
196000 4651146
196500 4661700
197000 4672977
197500 4683532
198000 4694833
198500 4705820
199000 4717060
199500 4727917
200000 4739201
200001 4740924
