0 0
500 16664
1000 32130
1500 46468
2000 60856
2500 75449
3000 103078
3500 117655
4000 132094
4500 146520
5000 160922
5500 175285
6000 189748
6500 204073
7000 218542
7500 246241
8000 260657
8500 288665
9000 303142
9500 317537
10000 331900
10500 346276
11000 361164
11500 375725
12000 390243
12500 404757
13000 419249
13500 434315
14000 448904
14500 476978
15000 504779
15500 519816
16000 565826
16500 583920
17000 598605
17500 613114
18000 627591
18500 655774
19000 683571
19500 698504
20000 713135
20500 727820
21000 742475
21500 756935
22000 771577
22500 786303
23000 800928
23500 815663
24000 830174
24500 844587
25000 858989
25500 873429
26000 888016
26500 902610
27000 917174
27500 931768
28000 946468
28500 961559
29000 976205
29500 990765
30000 1005515
30500 1019963
31000 1034563
31500 1049036
32000 1063445
32500 1078012
33000 1092462
33500 1107013
34000 1121576
34500 1136202
35000 1150787
35500 1190431
36000 1210040
36500 1225324
37000 1240045
37500 1254628
38000 1269258
38500 1283937
39000 1298521
39500 1313125
40000 1327578
40500 1342158
41000 1356944
41500 1371388
42000 1385980
42500 1400567
43000 1415065
43500 1429940
44000 1449766
44500 1484012
45000 1505266
45500 1525940
46000 1546342
46500 1600703
47000 1621828
47500 1642019
48000 1662604
48500 1696643
49000 1733156
49500 1767547
50000 1788703
50500 1808892
51000 1828831
51500 1852037
52000 1872691
52500 1894002
53000 1914289
53500 1961633
54000 1982382
54500 2019482
55000 2039713
55500 2060058
56000 2094237
56500 2128029
57000 2165154
57500 2185501
58000 2206739
58500 2248613
59000 2287814
59500 2311399
60000 2331548
60500 2352056
61000 2373094
61500 2406661
62000 2439837
62500 2462507
63000 2483315
63500 2504480
64000 2551204
64500 2571273
65000 2607827
65500 2628007
66000 2648450
66500 2669668
67000 2703234
67500 2739271
68000 2781530
68500 2809723
69000 2851747
69500 2887020
70000 2910652
70500 2930727
71000 2964314
71500 2985120
72000 3018868
72500 3039080
73000 3061786
73500 3082063
74000 3128875
74500 3149124
75000 3183829
75500 3206836
76000 3227288
76500 3247648
77000 3268784
77500 3290080
78000 3312776
78500 3346774
79000 3366835
79500 3386607
80000 3420603
80500 3441570
81000 3477972
81500 3498065
82000 3518847
82500 3539127
83000 3559649
83500 3583472
84000 3603653
84500 3624285
85000 3671076
85500 3691856
86000 3728461
86500 3749010
87000 3769071
87500 3789354
88000 3810290
88500 3833402
89000 3854558
89500 3889341
90000 3909866
90500 3956967
91000 3977717
91500 4012899
92000 4033979
92500 4054462
93000 4075133
93500 4095561
94000 4115909
94500 4136605
95000 4156868
95500 4177783
96000 4198264
96500 4245500
97000 4265659
97500 4299253
98000 4319607
98500 4353195
99000 4374144
99500 4394226
100000 4415490
100500 4426396
101000 4435730
101500 4444793
102000 4453759
102500 4462905
103000 4472202
103500 4481435
104000 4490382
104500 4499583
105000 4508630
105500 4517612
106000 4526746
106500 4537028
107000 4558006
107500 4584341
108000 4597597
108500 4611611
109000 4636703
109500 4648733
110000 4660564
110500 4673453
111000 4686564
111500 4699719
112000 4713266
112500 4727013
113000 4740478
113500 4753894
114000 4767318
114500 4780185
115000 4793304
115500 4805860
116000 4818891
116500 4831594
117000 4844625
117500 4857996
118000 4871397
118500 4884542
119000 4897742
119500 4913971
120000 4929687
120500 4939864
121000 4948989
121500 4957748
122000 4966494
122500 4975199
123000 4983958
123500 4992794
124000 5001720
124500 5010453
125000 5019187
125500 5027952
126000 5036698
126500 5045573
127000 5054289
127500 5063004
128000 5071826
128500 5080731
129000 5090024
129500 5098951
130000 5107910
130500 5116753
131000 5125636
131500 5134551
132000 5143419
132500 5168288
133000 5184024
133500 5195753
134000 5204854
134500 5213732
135000 5222439
135500 5231155
136000 5239930
136500 5248750
137000 5257479
137500 5266250
138000 5275015
138500 5283726
139000 5292475
139500 5301257
140000 5310110
140500 5319153
141000 5327912
141500 5336753
142000 5345644
142500 5354607
143000 5363475
143500 5372283
144000 5381066
144500 5389884
145000 5398906
145500 5407769
146000 5416575
146500 5434922
147000 5444155
147500 5453137
148000 5462032
148500 5470843
149000 5479709
149500 5488574
150000 5497536
150500 5506377
151000 5515220
151500 5524095
152000 5532930
152500 5541878
153000 5550719
153500 5559562
154000 5568387
154500 5577223
155000 5586171
155500 5595024
156000 5611122
156500 5650097
157000 5663682
157500 5676187
158000 5688535
158500 5701018
159000 5714408
159500 5728299
160000 5742317
160500 5756174
161000 5769403
161500 5780749
162000 5793499
162500 5807066
163000 5819043
163500 5828135
164000 5837147
164500 5846156
165000 5855189
165500 5864144
166000 5873188
166500 5882131
167000 5891017
167500 5900266
168000 5909406
168500 5918643
169000 5927575
169500 5936506
170000 5945847
170500 5955161
171000 5964486
171500 5973431
172000 5982326
172500 5991977
173000 6000874
173500 6009717
174000 6018558
174500 6027493
175000 6036560
175500 6045518
176000 6054452
176500 6063346
177000 6072283
177500 6081588
178000 6090447
178500 6099299
179000 6108395
179500 6117334
180000 6126388
180500 6135328
181000 6144273
181500 6153178
182000 6162517
182500 6171801
183000 6180721
183500 6189549
184000 6198709
184500 6207627
185000 6216698
185500 6225700
186000 6234940
186500 6244232
187000 6253650
187500 6262609
188000 6271445
188500 6280353
189000 6289341
189500 6298326
190000 6307720
190500 6317004
191000 6325845
191500 6334658
192000 6343566
192500 6352637
193000 6361605
193500 6370812
194000 6379874
194500 6388665
195000 6397699
195500 6406687
196000 6415641
196500 6424557
197000 6433471
197500 6442792
198000 6453321
198500 6462332
199000 6471214
199500 6480129
200000 6489285
200001 6490838
