0 0
500 28474
1000 48561
1500 70281
2000 92469
2500 112486
3000 139709
3500 168452
4000 188394
4500 207363
5000 229871
5500 249112
6000 268873
6500 288338
7000 308032
7500 330806
8000 349353
8500 369556
9000 389004
9500 408387
10000 431178
10500 450421
11000 470267
11500 488746
12000 508535
12500 530502
13000 550191
13500 569872
14000 590401
14500 610530
15000 629465
15500 651971
16000 671650
16500 690995
17000 710728
17500 730116
18000 752666
18500 771396
19000 790725
19500 810652
20000 830200
20500 852516
21000 898174
21500 918977
22000 950990
22500 970435
23000 1003507
23500 1025581
24000 1045720
24500 1065156
25000 1084443
25500 1103384
26000 1138153
26500 1158166
27000 1177993
27500 1197976
28000 1217494
28500 1239612
29000 1258580
29500 1291383
30000 1325660
30500 1358252
31000 1379991
31500 1399958
32000 1432580
32500 1452337
33000 1484416
33500 1504290
34000 1525942
34500 1545079
35000 1564903
35500 1585165
36000 1605035
36500 1626194
37000 1645842
37500 1665760
38000 1711893
38500 1731776
39000 1780481
39500 1838641
40000 1872649
40500 1892029
41000 1912639
41500 1945160
42000 1967902
42500 1987520
43000 2007357
43500 2026085
44000 2046331
44500 2068950
45000 2088522
45500 2121624
46000 2141056
46500 2161192
47000 2196346
47500 2215933
48000 2235772
48500 2255390
49000 2275528
49500 2298168
50000 2317730
50500 2350059
51000 2369412
51500 2389073
52000 2434518
52500 2456701
53000 2490164
53500 2509807
54000 2542374
54500 2561747
55000 2584533
55500 2603821
56000 2622989
56500 2642847
57000 2662357
57500 2684076
58000 2704698
58500 2723952
59000 2743635
59500 2763035
60000 2783136
60500 2832159
61000 2851314
61500 2883987
62000 2903503
62500 2936697
63000 2958511
63500 2978957
64000 2998233
64500 3016815
65000 3036794
65500 3058685
66000 3078539
66500 3098177
67000 3118013
67500 3137258
68000 3159034
68500 3177799
69000 3197828
69500 3217356
70000 3236872
70500 3256891
71000 3278877
71500 3298264
72000 3317769
72500 3350642
73000 3383365
73500 3431740
74000 3450928
74500 3470786
75000 3490935
75500 3509952
76000 3557259
76500 3590392
77000 3622918
77500 3669397
78000 3689187
78500 3708677
79000 3731739
79500 3759063
80000 3786254
80500 3814639
81000 3840400
81500 3873810
82000 3904797
82500 3936898
83000 3957195
83500 3990879
84000 4013712
84500 4033628
85000 4053639
85500 4073014
86000 4105058
86500 4124786
87000 4146751
87500 4166711
88000 4185896
88500 4205678
89000 4225510
89500 4246595
90000 4293123
90500 4312440
91000 4358699
91500 4378378
92000 4414309
92500 4447224
93000 4479336
93500 4512961
94000 4532173
94500 4554975
95000 4587774
95500 4607452
96000 4640426
96500 4658988
97000 4678649
97500 4701005
98000 4720876
98500 4740251
99000 4759765
99500 4779688
100000 4801783
100500 5322287
101000 5357584
101500 5376341
102000 5395039
102500 5427312
103000 5459429
103500 5504983
104000 5523819
104500 5555656
105000 5574528
105500 5606456
106000 5625248
106500 5643966
107000 5662642
107500 5681600
108000 5726669
108500 5745459
109000 5777274
109500 5826116
110000 5846133
110500 5864768
111000 5883310
111500 5910072
112000 5939738
112500 5968774
113000 5998307
113500 6027386
114000 6071612
114500 6102171
115000 6149156
115500 6181532
116000 6213413
116500 6245649
117000 6264375
117500 6283359
118000 6315553
118500 6347405
119000 6392492
119500 6411320
120000 6456615
120500 6475500
121000 6507288
121500 6526022
122000 6557919
122500 6576784
123000 6595380
123500 6613937
124000 6632917
124500 6651703
125000 6670379
125500 6688947
126000 6720789
126500 6739512
127000 6771699
127500 6790548
128000 6809192
128500 6840954
129000 6859843
129500 6891823
130000 6911668
130500 6931735
131000 6963965
131500 6982744
132000 7014795
132500 7033733
133000 7052439
133500 7084729
134000 7116929
134500 7162188
135000 7181031
135500 7226165
136000 7244963
136500 7276959
137000 7295811
137500 7327920
138000 7346731
138500 7365338
139000 7384271
139500 7402954
140000 7421865
140500 7453679
141000 7472470
141500 7504337
142000 7523067
142500 7541871
143000 7560536
143500 7579145
144000 7597784
144500 7629602
145000 7648799
145500 7667415
146000 7693009
146500 7712378
147000 7731206
147500 7750042
148000 7768704
148500 7787725
149000 7806685
149500 7838641
150000 7857841
150500 7876552
151000 7895246
151500 7913893
152000 7932870
152500 7951995
153000 7970875
153500 7989643
154000 8021794
154500 8040542
155000 8072456
155500 8091310
156000 8109983
156500 8155267
157000 8174265
157500 8219671
158000 8238668
158500 8270443
159000 8289230
159500 8321376
160000 8340185
160500 8358889
161000 8377615
161500 8396306
162000 8415305
162500 8447572
163000 8466572
163500 8498376
164000 8517198
164500 8536184
165000 8554961
165500 8573579
166000 8596334
166500 8628712
167000 8647432
167500 8666530
168000 8685189
168500 8703949
169000 8722692
169500 8741375
170000 8773624
170500 8792523
171000 8811190
171500 8829808
172000 8848580
172500 8867383
173000 8899295
173500 8918373
174000 8950269
174500 8969159
175000 8987934
175500 9006583
176000 9025396
176500 9044587
177000 9063225
177500 9082013
178000 9100667
178500 9119423
179000 9138100
179500 9156787
180000 9175577
180500 9194245
181000 9212946
181500 9231743
182000 9250413
182500 9269508
183000 9288128
183500 9319921
184000 9338710
184500 9370554
185000 9389850
185500 9408542
186000 9427163
186500 9445833
187000 9464506
187500 9496605
188000 9515474
188500 9547372
189000 9566089
189500 9584749
190000 9603601
190500 9622331
191000 9641031
191500 9659703
192000 9678466
192500 9710445
193000 9729216
193500 9761133
194000 9792058
194500 9825422
195000 9857511
195500 9902771
196000 9921613
196500 9953414
197000 9972286
197500 10004497
198000 10023453
198500 10042144
199000 10061206
199500 10079934
200000 10098683
200001 10101046
